# unix_time, cycles_done, cur_path, paths_total, pending_total, pending_favs, map_size, unique_crashes, unique_hangs, max_depth, execs_per_sec, singletons, doubletons, tripletons, quadrupletons, quintupletons, fuzzability, tests_total
1623983192, 0, 0, 1, 1, 1, 0.01%, 0, 0, 1, 2000.00, 1, 0, 0, 0, 0, 0.000000e+00, 0
1623983198, 105, 0, 1, 0, 0, 0.01%, 1, 0, 1, 4826.56, 0, 0, 0, 0, 0, 0.000000e+00, 28240
1623983203, 210, 0, 1, 0, 0, 0.01%, 1, 0, 1, 5077.56, 0, 0, 0, 0, 0, 0.000000e+00, 55126
1623983208, 313, 0, 1, 0, 0, 0.01%, 1, 0, 1, 5265.34, 0, 0, 0, 0, 0, 0.000000e+00, 81498
1623983213, 425, 0, 1, 0, 0, 0.01%, 1, 0, 1, 5474.05, 0, 0, 0, 0, 0, 0.000000e+00, 110174
1623983218, 532, 0, 1, 0, 0, 0.01%, 1, 0, 1, 5485.79, 0, 0, 0, 0, 0, 0.000000e+00, 137675
1623983223, 642, 0, 1, 0, 0, 0.01%, 1, 0, 1, 5506.96, 0, 0, 0, 0, 0, 0.000000e+00, 165872
1623983228, 754, 0, 1, 0, 0, 0.01%, 1, 0, 1, 5534.58, 0, 0, 0, 0, 0, 0.000000e+00, 194544
1623983233, 862, 0, 1, 0, 0, 0.01%, 1, 0, 1, 5496.88, 0, 0, 0, 0, 0, 0.000000e+00, 222157
1623983238, 967, 0, 1, 0, 0, 0.01%, 1, 0, 1, 5386.74, 0, 0, 0, 0, 0, 0.000000e+00, 248924
1623983243, 1079, 0, 1, 0, 0, 0.01%, 1, 0, 1, 5429.66, 0, 0, 0, 0, 0, 0.000000e+00, 277597
1623983249, 1183, 0, 1, 0, 0, 0.01%, 1, 0, 1, 5224.91, 0, 0, 0, 0, 0, 0.000000e+00, 304217
1623983254, 1289, 0, 1, 0, 0, 0.01%, 1, 0, 1, 5377.67, 0, 0, 0, 0, 0, 0.000000e+00, 331463
1623983259, 1395, 0, 1, 0, 0, 0.01%, 1, 0, 1, 5353.41, 0, 0, 0, 0, 0, 0.000000e+00, 358492
1623983264, 1486, 0, 1, 0, 0, 0.01%, 1, 0, 1, 4437.78, 0, 0, 0, 0, 0, 0.000000e+00, 381863
1623983269, 1515, 0, 1, 0, 0, 0.01%, 1, 0, 1, 2084.36, 0, 0, 0, 0, 0, 0.000000e+00, 389147
1623983274, 1542, 0, 1, 0, 0, 0.01%, 1, 0, 1, 1533.94, 0, 0, 0, 0, 0, 0.000000e+00, 396110
1623983279, 1568, 0, 1, 0, 0, 0.01%, 1, 0, 1, 1396.62, 0, 0, 0, 0, 0, 0.000000e+00, 402727
1623983284, 1596, 0, 1, 0, 0, 0.01%, 1, 0, 1, 1395.38, 0, 0, 0, 0, 0, 0.000000e+00, 410093
1623983289, 1623, 0, 1, 0, 0, 0.01%, 1, 0, 1, 1372.99, 0, 0, 0, 0, 0, 0.000000e+00, 416807
1623983294, 1649, 0, 1, 0, 0, 0.01%, 1, 0, 1, 1346.05, 0, 0, 0, 0, 0, 0.000000e+00, 423463
1623983299, 1675, 0, 1, 0, 0, 0.01%, 1, 0, 1, 1342.16, 0, 0, 0, 0, 0, 0.000000e+00, 430169
1623983305, 1702, 0, 1, 0, 0, 0.01%, 1, 0, 1, 1356.52, 0, 0, 0, 0, 0, 0.000000e+00, 437081
1623983310, 1727, 0, 1, 0, 0, 0.01%, 1, 0, 1, 1305.29, 0, 0, 0, 0, 0, 0.000000e+00, 443611
1623983315, 1754, 0, 1, 0, 0, 0.01%, 1, 0, 1, 1341.88, 0, 0, 0, 0, 0, 0.000000e+00, 450341
1623983320, 1783, 0, 1, 0, 0, 0.01%, 1, 0, 1, 1464.94, 0, 0, 0, 0, 0, 0.000000e+00, 457945
1623983325, 1813, 0, 1, 0, 0, 0.01%, 1, 0, 1, 1453.90, 0, 0, 0, 0, 0, 0.000000e+00, 465480
1623983330, 1840, 0, 1, 0, 0, 0.01%, 1, 0, 1, 1381.16, 0, 0, 0, 0, 0, 0.000000e+00, 472332
1623983335, 1869, 0, 1, 0, 0, 0.01%, 1, 0, 1, 1471.11, 0, 0, 0, 0, 0, 0.000000e+00, 479816
1623983340, 1899, 0, 1, 0, 0, 0.01%, 1, 0, 1, 1481.81, 0, 0, 0, 0, 0, 0.000000e+00, 487496
1623983345, 1929, 0, 1, 0, 0, 0.01%, 1, 0, 1, 1472.07, 0, 0, 0, 0, 0, 0.000000e+00, 495118
1623983350, 1959, 0, 1, 0, 0, 0.01%, 1, 0, 1, 1576.09, 0, 0, 0, 0, 0, 0.000000e+00, 502986
1623983355, 1991, 0, 1, 0, 0, 0.01%, 1, 0, 1, 1581.79, 0, 0, 0, 0, 0, 0.000000e+00, 511116
1623983361, 2022, 0, 1, 0, 0, 0.01%, 1, 0, 1, 1561.24, 0, 0, 0, 0, 0, 0.000000e+00, 519083
1623983366, 2056, 0, 1, 0, 0, 0.01%, 1, 0, 1, 1715.86, 0, 0, 0, 0, 0, 0.000000e+00, 527805
1623983371, 2097, 0, 1, 0, 0, 0.01%, 1, 0, 1, 2014.39, 0, 0, 0, 0, 0, 0.000000e+00, 538136
1623983376, 2141, 0, 1, 0, 0, 0.01%, 1, 0, 1, 2071.69, 0, 0, 0, 0, 0, 0.000000e+00, 549566
1623983381, 2181, 0, 1, 0, 0, 0.01%, 1, 0, 1, 1961.49, 0, 0, 0, 0, 0, 0.000000e+00, 559835
1623983386, 2230, 0, 1, 0, 0, 0.01%, 1, 0, 1, 2168.34, 0, 0, 0, 0, 0, 0.000000e+00, 572277
1623983391, 2269, 0, 1, 0, 0, 0.01%, 1, 0, 1, 1977.69, 0, 0, 0, 0, 0, 0.000000e+00, 582384
1623983396, 2305, 0, 1, 0, 0, 0.01%, 1, 0, 1, 1805.55, 0, 0, 0, 0, 0, 0.000000e+00, 591453
1623983401, 2359, 0, 1, 0, 0, 0.01%, 1, 0, 1, 2622.18, 0, 0, 0, 0, 0, 0.000000e+00, 605275
1623983406, 2391, 0, 1, 0, 0, 0.01%, 1, 0, 1, 1836.96, 0, 0, 0, 0, 0, 0.000000e+00, 613472
1623983411, 2424, 0, 1, 0, 0, 0.01%, 1, 0, 1, 1700.02, 0, 0, 0, 0, 0, 0.000000e+00, 622007
1623983416, 2463, 0, 1, 0, 0, 0.01%, 1, 0, 1, 1842.91, 0, 0, 0, 0, 0, 0.000000e+00, 631867
1623983422, 2494, 0, 1, 0, 0, 0.01%, 1, 0, 1, 1662.80, 0, 0, 0, 0, 0, 0.000000e+00, 639984
1623983427, 2527, 0, 1, 0, 0, 0.01%, 1, 0, 1, 1664.60, 0, 0, 0, 0, 0, 0.000000e+00, 648375
1623983432, 2585, 0, 1, 0, 0, 0.01%, 1, 0, 1, 2992.61, 0, 0, 0, 0, 0, 0.000000e+00, 663025
1623983437, 2668, 0, 1, 0, 0, 0.01%, 1, 0, 1, 3932.80, 0, 0, 0, 0, 0, 0.000000e+00, 684350
1623983442, 2751, 0, 1, 0, 0, 0.01%, 1, 0, 1, 4164.73, 0, 0, 0, 0, 0, 0.000000e+00, 705603
1623983447, 2840, 0, 1, 0, 0, 0.01%, 1, 0, 1, 4364.04, 0, 0, 0, 0, 0, 0.000000e+00, 728560
1623983452, 2922, 0, 1, 0, 0, 0.01%, 1, 0, 1, 4169.06, 0, 0, 0, 0, 0, 0.000000e+00, 749546
1623983457, 3004, 0, 1, 0, 0, 0.01%, 1, 0, 1, 4193.16, 0, 0, 0, 0, 0, 0.000000e+00, 770541
1623983462, 3084, 0, 1, 0, 0, 0.01%, 1, 0, 1, 4055.82, 0, 0, 0, 0, 0, 0.000000e+00, 790933
1623983467, 3118, 0, 1, 0, 0, 0.01%, 1, 0, 1, 2249.42, 0, 0, 0, 0, 0, 0.000000e+00, 799653
1623983472, 3150, 0, 1, 0, 0, 0.01%, 1, 0, 1, 1711.91, 0, 0, 0, 0, 0, 0.000000e+00, 807699
1623983477, 3182, 0, 1, 0, 0, 0.01%, 1, 0, 1, 1672.98, 0, 0, 0, 0, 0, 0.000000e+00, 815890
1623983483, 3212, 0, 1, 0, 0, 0.01%, 1, 0, 1, 1552.86, 0, 0, 0, 0, 0, 0.000000e+00, 823723
1623983488, 3243, 0, 1, 0, 0, 0.01%, 1, 0, 1, 1542.63, 0, 0, 0, 0, 0, 0.000000e+00, 831653
1623983493, 3272, 0, 1, 0, 0, 0.01%, 1, 0, 1, 1480.97, 0, 0, 0, 0, 0, 0.000000e+00, 838955
1623983498, 3300, 0, 1, 0, 0, 0.01%, 1, 0, 1, 1452.37, 0, 0, 0, 0, 0, 0.000000e+00, 846239
1623983503, 3329, 0, 1, 0, 0, 0.01%, 1, 0, 1, 1419.84, 0, 0, 0, 0, 0, 0.000000e+00, 853573
1623983508, 3350, 0, 1, 0, 0, 0.01%, 1, 0, 1, 1138.30, 0, 0, 0, 0, 0, 0.000000e+00, 858909
1623983513, 3370, 0, 1, 0, 0, 0.01%, 1, 0, 1, 998.62, 0, 0, 0, 0, 0, 0.000000e+00, 864125
1623983518, 3396, 0, 1, 0, 0, 0.01%, 1, 0, 1, 1372.08, 0, 0, 0, 0, 0, 0.000000e+00, 870803
1623983523, 3430, 0, 1, 0, 0, 0.01%, 1, 0, 1, 1600.30, 0, 0, 0, 0, 0, 0.000000e+00, 879407
1623983528, 3465, 0, 1, 0, 0, 0.01%, 1, 0, 1, 1741.22, 0, 0, 0, 0, 0, 0.000000e+00, 888543
1623983533, 3501, 0, 1, 0, 0, 0.01%, 1, 0, 1, 1795.38, 0, 0, 0, 0, 0, 0.000000e+00, 897701
1623983539, 3535, 0, 1, 0, 0, 0.01%, 1, 0, 1, 1713.25, 0, 0, 0, 0, 0, 0.000000e+00, 906480
1623983544, 3568, 0, 1, 0, 0, 0.01%, 1, 0, 1, 1691.31, 0, 0, 0, 0, 0, 0.000000e+00, 914928
1623983549, 3604, 0, 1, 0, 0, 0.01%, 1, 0, 1, 1739.61, 0, 0, 0, 0, 0, 0.000000e+00, 923957
1623983554, 3637, 0, 1, 0, 0, 0.01%, 1, 0, 1, 1707.39, 0, 0, 0, 0, 0, 0.000000e+00, 932541
1623983559, 3672, 0, 1, 0, 0, 0.01%, 1, 0, 1, 1722.55, 0, 0, 0, 0, 0, 0.000000e+00, 941501
1623983564, 3706, 0, 1, 0, 0, 0.01%, 1, 0, 1, 1738.46, 0, 0, 0, 0, 0, 0.000000e+00, 950103
1623983569, 3740, 0, 1, 0, 0, 0.01%, 1, 0, 1, 1692.40, 0, 0, 0, 0, 0, 0.000000e+00, 958771
1623983574, 3776, 0, 1, 0, 0, 0.01%, 1, 0, 1, 1828.86, 0, 0, 0, 0, 0, 0.000000e+00, 968101
1623983579, 3811, 0, 1, 0, 0, 0.01%, 1, 0, 1, 1749.69, 0, 0, 0, 0, 0, 0.000000e+00, 977091
1623983585, 3845, 0, 1, 0, 0, 0.01%, 1, 0, 1, 1687.66, 0, 0, 0, 0, 0, 0.000000e+00, 985717
1623983590, 3879, 0, 1, 0, 0, 0.01%, 1, 0, 1, 1722.28, 0, 0, 0, 0, 0, 0.000000e+00, 994544
1623983595, 3918, 0, 1, 0, 0, 0.01%, 1, 0, 1, 1759.35, 0, 0, 0, 0, 0, 0.000000e+00, 1004308
1623983600, 3951, 0, 1, 0, 0, 0.01%, 1, 0, 1, 1700.95, 0, 0, 0, 0, 0, 0.000000e+00, 1012754
1623983605, 3985, 0, 1, 0, 0, 0.01%, 1, 0, 1, 1672.57, 0, 0, 0, 0, 0, 0.000000e+00, 1021458
1623983610, 4019, 0, 1, 0, 0, 0.01%, 1, 0, 1, 1703.91, 0, 0, 0, 0, 0, 0.000000e+00, 1030367
1623983615, 4054, 0, 1, 0, 0, 0.01%, 1, 0, 1, 1719.47, 0, 0, 0, 0, 0, 0.000000e+00, 1039191
1623983620, 4087, 0, 1, 0, 0, 0.01%, 1, 0, 1, 1688.79, 0, 0, 0, 0, 0, 0.000000e+00, 1047603
1623983626, 4121, 0, 1, 0, 0, 0.01%, 1, 0, 1, 1677.17, 0, 0, 0, 0, 0, 0.000000e+00, 1056340
1623983631, 4155, 0, 1, 0, 0, 0.01%, 1, 0, 1, 1685.55, 0, 0, 0, 0, 0, 0.000000e+00, 1065143
1623983636, 4190, 0, 1, 0, 0, 0.01%, 1, 0, 1, 1735.19, 0, 0, 0, 0, 0, 0.000000e+00, 1074075
1623983641, 4224, 0, 1, 0, 0, 0.01%, 1, 0, 1, 1702.58, 0, 0, 0, 0, 0, 0.000000e+00, 1082847
1623983646, 4259, 0, 1, 0, 0, 0.01%, 1, 0, 1, 1704.53, 0, 0, 0, 0, 0, 0.000000e+00, 1091705
1623983651, 4296, 0, 1, 0, 0, 0.01%, 1, 0, 1, 1823.98, 0, 0, 0, 0, 0, 0.000000e+00, 1101185
1623983656, 4329, 0, 1, 0, 0, 0.01%, 1, 0, 1, 1695.87, 0, 0, 0, 0, 0, 0.000000e+00, 1109588
1623983661, 4362, 0, 1, 0, 0, 0.01%, 1, 0, 1, 1710.56, 0, 0, 0, 0, 0, 0.000000e+00, 1118175
1623983667, 4400, 0, 1, 0, 0, 0.01%, 1, 0, 1, 1843.00, 0, 0, 0, 0, 0, 0.000000e+00, 1127702
1623983672, 4433, 0, 1, 0, 0, 0.01%, 1, 0, 1, 1725.81, 0, 0, 0, 0, 0, 0.000000e+00, 1136181
1623983677, 4465, 0, 1, 0, 0, 0.01%, 1, 0, 1, 1653.53, 0, 0, 0, 0, 0, 0.000000e+00, 1144437
1623983682, 4497, 0, 1, 0, 0, 0.01%, 1, 0, 1, 1653.87, 0, 0, 0, 0, 0, 0.000000e+00, 1152728
1623983687, 4532, 0, 1, 0, 0, 0.01%, 1, 0, 1, 1748.92, 0, 0, 0, 0, 0, 0.000000e+00, 1161527
1623983692, 4566, 0, 1, 0, 0, 0.01%, 1, 0, 1, 1690.84, 0, 0, 0, 0, 0, 0.000000e+00, 1170194
1623983697, 4601, 0, 1, 0, 0, 0.01%, 1, 0, 1, 1783.24, 0, 0, 0, 0, 0, 0.000000e+00, 1179226
1623983702, 4637, 0, 1, 0, 0, 0.01%, 1, 0, 1, 1775.74, 0, 0, 0, 0, 0, 0.000000e+00, 1188477
1623983707, 4673, 0, 1, 0, 0, 0.01%, 1, 0, 1, 1818.67, 0, 0, 0, 0, 0, 0.000000e+00, 1197805
1623983712, 4707, 0, 1, 0, 0, 0.01%, 1, 0, 1, 1742.34, 0, 0, 0, 0, 0, 0.000000e+00, 1206461
1623983717, 4742, 0, 1, 0, 0, 0.01%, 1, 0, 1, 1744.51, 0, 0, 0, 0, 0, 0.000000e+00, 1215285
1623983722, 4777, 0, 1, 0, 0, 0.01%, 1, 0, 1, 1748.30, 0, 0, 0, 0, 0, 0.000000e+00, 1224279
1623983727, 4810, 0, 1, 0, 0, 0.01%, 1, 0, 1, 1710.06, 0, 0, 0, 0, 0, 0.000000e+00, 1232795
1623983732, 4844, 0, 1, 0, 0, 0.01%, 1, 0, 1, 1698.71, 0, 0, 0, 0, 0, 0.000000e+00, 1241362
1623983737, 4877, 0, 1, 0, 0, 0.01%, 1, 0, 1, 1688.29, 0, 0, 0, 0, 0, 0.000000e+00, 1250032
1623983742, 4911, 0, 1, 0, 0, 0.01%, 1, 0, 1, 1714.61, 0, 0, 0, 0, 0, 0.000000e+00, 1258736
1623983748, 4947, 0, 1, 0, 0, 0.01%, 1, 0, 1, 1741.66, 0, 0, 0, 0, 0, 0.000000e+00, 1267731
1623983753, 4981, 0, 1, 0, 0, 0.01%, 1, 0, 1, 1704.69, 0, 0, 0, 0, 0, 0.000000e+00, 1276571
1623983758, 5018, 0, 1, 0, 0, 0.01%, 1, 0, 1, 1845.38, 0, 0, 0, 0, 0, 0.000000e+00, 1285981
1623983763, 5051, 0, 1, 0, 0, 0.01%, 1, 0, 1, 1715.34, 0, 0, 0, 0, 0, 0.000000e+00, 1294457
1623983768, 5084, 0, 1, 0, 0, 0.01%, 1, 0, 1, 1684.30, 0, 0, 0, 0, 0, 0.000000e+00, 1302967
1623983773, 5117, 0, 1, 0, 0, 0.01%, 1, 0, 1, 1666.82, 0, 0, 0, 0, 0, 0.000000e+00, 1311349
1623983778, 5150, 0, 1, 0, 0, 0.01%, 1, 0, 1, 1697.26, 0, 0, 0, 0, 0, 0.000000e+00, 1319863
1623983783, 5184, 0, 1, 0, 0, 0.01%, 1, 0, 1, 1676.33, 0, 0, 0, 0, 0, 0.000000e+00, 1328435
1623983788, 5220, 0, 1, 0, 0, 0.01%, 1, 0, 1, 1764.72, 0, 0, 0, 0, 0, 0.000000e+00, 1337760
1623983794, 5256, 0, 1, 0, 0, 0.01%, 2, 0, 1, 1740.94, 0, 0, 0, 0, 0, 0.000000e+00, 1346835
1623983799, 5291, 0, 1, 0, 0, 0.01%, 2, 0, 1, 1797.79, 0, 0, 0, 0, 0, 0.000000e+00, 1355977
1623983804, 5325, 0, 1, 0, 0, 0.01%, 2, 0, 1, 1739.62, 0, 0, 0, 0, 0, 0.000000e+00, 1364720
1623983809, 5360, 0, 1, 0, 0, 0.01%, 2, 0, 1, 1782.83, 0, 0, 0, 0, 0, 0.000000e+00, 1373600
1623983814, 5394, 0, 1, 0, 0, 0.01%, 2, 0, 1, 1732.87, 0, 0, 0, 0, 0, 0.000000e+00, 1382197
1623983819, 5427, 0, 1, 0, 0, 0.01%, 2, 0, 1, 1655.56, 0, 0, 0, 0, 0, 0.000000e+00, 1390676
1623983824, 5459, 0, 1, 0, 0, 0.01%, 2, 0, 1, 1636.41, 0, 0, 0, 0, 0, 0.000000e+00, 1398833
1623983829, 5492, 0, 1, 0, 0, 0.01%, 2, 0, 1, 1683.48, 0, 0, 0, 0, 0, 0.000000e+00, 1407316
1623983834, 5525, 0, 1, 0, 0, 0.01%, 2, 0, 1, 1654.28, 0, 0, 0, 0, 0, 0.000000e+00, 1415889
1623983839, 5558, 0, 1, 0, 0, 0.01%, 2, 0, 1, 1672.09, 0, 0, 0, 0, 0, 0.000000e+00, 1424278
1623983844, 5593, 0, 1, 0, 0, 0.01%, 2, 0, 1, 1697.24, 0, 0, 0, 0, 0, 0.000000e+00, 1433106
1623983849, 5631, 0, 1, 0, 0, 0.01%, 2, 0, 1, 1937.54, 0, 0, 0, 0, 0, 0.000000e+00, 1443056
1623983854, 5664, 0, 1, 0, 0, 0.01%, 2, 0, 1, 1696.94, 0, 0, 0, 0, 0, 0.000000e+00, 1451315
1623983859, 5697, 0, 1, 0, 0, 0.01%, 2, 0, 1, 1727.83, 0, 0, 0, 0, 0, 0.000000e+00, 1459867
1623983865, 5731, 0, 1, 0, 0, 0.01%, 2, 0, 1, 1669.79, 0, 0, 0, 0, 0, 0.000000e+00, 1468566
1623983870, 5766, 0, 1, 0, 0, 0.01%, 2, 0, 1, 1723.70, 0, 0, 0, 0, 0, 0.000000e+00, 1477497
1623983875, 5801, 0, 1, 0, 0, 0.01%, 2, 0, 1, 1803.43, 0, 0, 0, 0, 0, 0.000000e+00, 1486576
1623983880, 5836, 0, 1, 0, 0, 0.01%, 2, 0, 1, 1754.76, 0, 0, 0, 0, 0, 0.000000e+00, 1495456
1623983885, 5871, 0, 1, 0, 0, 0.01%, 2, 0, 1, 1739.22, 0, 0, 0, 0, 0, 0.000000e+00, 1504496
1623983890, 5907, 0, 1, 0, 0, 0.01%, 2, 0, 1, 1770.04, 0, 0, 0, 0, 0, 0.000000e+00, 1513667
1623983895, 5941, 0, 1, 0, 0, 0.01%, 2, 0, 1, 1759.76, 0, 0, 0, 0, 0, 0.000000e+00, 1522301
1623983900, 5977, 0, 1, 0, 0, 0.01%, 2, 0, 1, 1751.21, 0, 0, 0, 0, 0, 0.000000e+00, 1531412
1623983905, 6011, 0, 1, 0, 0, 0.01%, 2, 0, 1, 1739.61, 0, 0, 0, 0, 0, 0.000000e+00, 1540115
1623983910, 6043, 0, 1, 0, 0, 0.01%, 2, 0, 1, 1673.41, 0, 0, 0, 0, 0, 0.000000e+00, 1548471
1623983915, 6076, 0, 1, 0, 0, 0.01%, 2, 0, 1, 1671.76, 0, 0, 0, 0, 0, 0.000000e+00, 1556886
1623983920, 6110, 0, 1, 0, 0, 0.01%, 2, 0, 1, 1726.72, 0, 0, 0, 0, 0, 0.000000e+00, 1565561
1623983926, 6143, 0, 1, 0, 0, 0.01%, 2, 0, 1, 1694.44, 0, 0, 0, 0, 0, 0.000000e+00, 1573972
1623983931, 6179, 0, 1, 0, 0, 0.01%, 2, 0, 1, 1731.92, 0, 0, 0, 0, 0, 0.000000e+00, 1583157
1623983936, 6212, 0, 1, 0, 0, 0.01%, 2, 0, 1, 1720.75, 0, 0, 0, 0, 0, 0.000000e+00, 1591792
1623983941, 6247, 0, 1, 0, 0, 0.01%, 2, 0, 1, 1674.24, 0, 0, 0, 0, 0, 0.000000e+00, 1600596
1623983946, 6281, 0, 1, 0, 0, 0.01%, 2, 0, 1, 1713.22, 0, 0, 0, 0, 0, 0.000000e+00, 1609405
1623983951, 6314, 0, 1, 0, 0, 0.01%, 2, 0, 1, 1684.02, 0, 0, 0, 0, 0, 0.000000e+00, 1617847
1623983956, 6347, 0, 1, 0, 0, 0.01%, 2, 0, 1, 1666.64, 0, 0, 0, 0, 0, 0.000000e+00, 1626229
1623983961, 6380, 0, 1, 0, 0, 0.01%, 2, 0, 1, 1655.80, 0, 0, 0, 0, 0, 0.000000e+00, 1634644
1623983966, 6413, 0, 1, 0, 0, 0.01%, 2, 0, 1, 1681.66, 0, 0, 0, 0, 0, 0.000000e+00, 1643059
1623983971, 6449, 0, 1, 0, 0, 0.01%, 2, 0, 1, 1753.40, 0, 0, 0, 0, 0, 0.000000e+00, 1652311
1623983977, 6484, 0, 1, 0, 0, 0.01%, 2, 0, 1, 1732.16, 0, 0, 0, 0, 0, 0.000000e+00, 1661237
1623983982, 6518, 0, 1, 0, 0, 0.01%, 2, 0, 1, 1739.01, 0, 0, 0, 0, 0, 0.000000e+00, 1670009
1623983987, 6551, 0, 1, 0, 0, 0.01%, 2, 0, 1, 1704.43, 0, 0, 0, 0, 0, 0.000000e+00, 1678525
1623983992, 6584, 0, 1, 0, 0, 0.01%, 2, 0, 1, 1689.23, 0, 0, 0, 0, 0, 0.000000e+00, 1687000
1623983997, 6619, 0, 1, 0, 0, 0.01%, 2, 0, 1, 1724.10, 0, 0, 0, 0, 0, 0.000000e+00, 1695763
1623984002, 6654, 0, 1, 0, 0, 0.01%, 2, 0, 1, 1696.17, 0, 0, 0, 0, 0, 0.000000e+00, 1704722
1623984007, 6686, 0, 1, 0, 0, 0.01%, 2, 0, 1, 1652.31, 0, 0, 0, 0, 0, 0.000000e+00, 1713046
1623984012, 6718, 0, 1, 0, 0, 0.01%, 2, 0, 1, 1638.13, 0, 0, 0, 0, 0, 0.000000e+00, 1721265
1623984017, 6751, 0, 1, 0, 0, 0.01%, 2, 0, 1, 1669.87, 0, 0, 0, 0, 0, 0.000000e+00, 1729620
1623984022, 6785, 0, 1, 0, 0, 0.01%, 2, 0, 1, 1694.48, 0, 0, 0, 0, 0, 0.000000e+00, 1738324
1623984027, 6821, 0, 1, 0, 0, 0.01%, 2, 0, 1, 1811.38, 0, 0, 0, 0, 0, 0.000000e+00, 1747477
1623984032, 6854, 0, 1, 0, 0, 0.01%, 2, 0, 1, 1668.76, 0, 0, 0, 0, 0, 0.000000e+00, 1756054
1623984037, 6886, 0, 1, 0, 0, 0.01%, 2, 0, 1, 1639.98, 0, 0, 0, 0, 0, 0.000000e+00, 1764241
1623984042, 6919, 0, 1, 0, 0, 0.01%, 2, 0, 1, 1649.36, 0, 0, 0, 0, 0, 0.000000e+00, 1772561
1623984047, 6951, 0, 1, 0, 0, 0.01%, 2, 0, 1, 1656.98, 0, 0, 0, 0, 0, 0.000000e+00, 1780919
1623984053, 6984, 0, 1, 0, 0, 0.01%, 2, 0, 1, 1664.21, 0, 0, 0, 0, 0, 0.000000e+00, 1789301
1623984058, 7017, 0, 1, 0, 0, 0.01%, 2, 0, 1, 1696.41, 0, 0, 0, 0, 0, 0.000000e+00, 1797872
1623984063, 7051, 0, 1, 0, 0, 0.01%, 2, 0, 1, 1703.94, 0, 0, 0, 0, 0, 0.000000e+00, 1806576
1623984068, 7086, 0, 1, 0, 0, 0.01%, 2, 0, 1, 1689.57, 0, 0, 0, 0, 0, 0.000000e+00, 1815413
1623984073, 7121, 0, 1, 0, 0, 0.01%, 2, 0, 1, 1759.51, 0, 0, 0, 0, 0, 0.000000e+00, 1824311
1623984078, 7158, 0, 1, 0, 0, 0.01%, 2, 0, 1, 1883.38, 0, 0, 0, 0, 0, 0.000000e+00, 1833923
1623984083, 7193, 0, 1, 0, 0, 0.01%, 2, 0, 1, 1751.51, 0, 0, 0, 0, 0, 0.000000e+00, 1842743
1623984088, 7227, 0, 1, 0, 0, 0.01%, 2, 0, 1, 1720.31, 0, 0, 0, 0, 0, 0.000000e+00, 1851615
1623984093, 7261, 0, 1, 0, 0, 0.01%, 2, 0, 1, 1671.81, 0, 0, 0, 0, 0, 0.000000e+00, 1860147
1623984098, 7293, 0, 1, 0, 0, 0.01%, 2, 0, 1, 1661.49, 0, 0, 0, 0, 0, 0.000000e+00, 1868504
1623984104, 7326, 0, 1, 0, 0, 0.01%, 2, 0, 1, 1677.68, 0, 0, 0, 0, 0, 0.000000e+00, 1876886
1623984109, 7362, 0, 1, 0, 0, 0.01%, 2, 0, 1, 1711.58, 0, 0, 0, 0, 0, 0.000000e+00, 1885971
1623984114, 7395, 0, 1, 0, 0, 0.01%, 2, 0, 1, 1709.57, 0, 0, 0, 0, 0, 0.000000e+00, 1894555
1623984119, 7428, 0, 1, 0, 0, 0.01%, 2, 0, 1, 1672.70, 0, 0, 0, 0, 0, 0.000000e+00, 1902899
1623984124, 7459, 0, 1, 0, 0, 0.01%, 2, 0, 1, 1632.74, 0, 0, 0, 0, 0, 0.000000e+00, 1911024
1623984129, 7492, 0, 1, 0, 0, 0.01%, 2, 0, 1, 1643.07, 0, 0, 0, 0, 0, 0.000000e+00, 1919409
1623984134, 7526, 0, 1, 0, 0, 0.01%, 2, 0, 1, 1642.16, 0, 0, 0, 0, 0, 0.000000e+00, 1928081
1623984139, 7560, 0, 1, 0, 0, 0.01%, 2, 0, 1, 1686.94, 0, 0, 0, 0, 0, 0.000000e+00, 1936823
1623984144, 7593, 0, 1, 0, 0, 0.01%, 2, 0, 1, 1647.83, 0, 0, 0, 0, 0, 0.000000e+00, 1945265
1623984150, 7629, 0, 1, 0, 0, 0.01%, 2, 0, 1, 1760.92, 0, 0, 0, 0, 0, 0.000000e+00, 1954359
1623984155, 7663, 0, 1, 0, 0, 0.01%, 2, 0, 1, 1723.50, 0, 0, 0, 0, 0, 0.000000e+00, 1963027
1623984160, 7718, 0, 1, 0, 0, 0.01%, 2, 0, 1, 2460.48, 0, 0, 0, 0, 0, 0.000000e+00, 1977223
1623984165, 7753, 0, 1, 0, 0, 0.01%, 2, 0, 1, 1903.53, 0, 0, 0, 0, 0, 0.000000e+00, 1986109
1623984170, 7787, 0, 1, 0, 0, 0.01%, 2, 0, 1, 1774.91, 0, 0, 0, 0, 0, 0.000000e+00, 1994807
1623984175, 7820, 0, 1, 0, 0, 0.01%, 2, 0, 1, 1703.97, 0, 0, 0, 0, 0, 0.000000e+00, 2003355
1623984180, 7853, 0, 1, 0, 0, 0.01%, 2, 0, 1, 1671.32, 0, 0, 0, 0, 0, 0.000000e+00, 2011888
1623984185, 7887, 0, 1, 0, 0, 0.01%, 2, 0, 1, 1687.04, 0, 0, 0, 0, 0, 0.000000e+00, 2020370
1623984190, 7920, 0, 1, 0, 0, 0.01%, 2, 0, 1, 1642.61, 0, 0, 0, 0, 0, 0.000000e+00, 2028817
1623984195, 7952, 0, 1, 0, 0, 0.01%, 2, 0, 1, 1646.14, 0, 0, 0, 0, 0, 0.000000e+00, 2037041
1623984200, 7986, 0, 1, 0, 0, 0.01%, 2, 0, 1, 1691.62, 0, 0, 0, 0, 0, 0.000000e+00, 2045846
1623984205, 8021, 0, 1, 0, 0, 0.01%, 2, 0, 1, 1722.34, 0, 0, 0, 0, 0, 0.000000e+00, 2054845
1623984210, 8054, 0, 1, 0, 0, 0.01%, 2, 0, 1, 1692.50, 0, 0, 0, 0, 0, 0.000000e+00, 2063320
1623984215, 8087, 0, 1, 0, 0, 0.01%, 2, 0, 1, 1655.94, 0, 0, 0, 0, 0, 0.000000e+00, 2071636
1623984221, 8119, 0, 1, 0, 0, 0.01%, 2, 0, 1, 1653.05, 0, 0, 0, 0, 0, 0.000000e+00, 2079894
1623984226, 8153, 0, 1, 0, 0, 0.01%, 2, 0, 1, 1687.96, 0, 0, 0, 0, 0, 0.000000e+00, 2088466
1623984231, 8186, 0, 1, 0, 0, 0.01%, 2, 0, 1, 1683.80, 0, 0, 0, 0, 0, 0.000000e+00, 2096947
1623984236, 8221, 0, 1, 0, 0, 0.01%, 2, 0, 1, 1744.32, 0, 0, 0, 0, 0, 0.000000e+00, 2106045
1623984241, 8256, 0, 1, 0, 0, 0.01%, 2, 0, 1, 1750.34, 0, 0, 0, 0, 0, 0.000000e+00, 2115046
1623984246, 8291, 0, 1, 0, 0, 0.01%, 2, 0, 1, 1738.74, 0, 0, 0, 0, 0, 0.000000e+00, 2123795
1623984251, 8326, 0, 1, 0, 0, 0.01%, 2, 0, 1, 1793.59, 0, 0, 0, 0, 0, 0.000000e+00, 2132966
1623984256, 8363, 0, 1, 0, 0, 0.01%, 2, 0, 1, 1817.54, 0, 0, 0, 0, 0, 0.000000e+00, 2142229
1623984261, 8396, 0, 1, 0, 0, 0.01%, 2, 0, 1, 1738.91, 0, 0, 0, 0, 0, 0.000000e+00, 2150896
1623984266, 8432, 0, 1, 0, 0, 0.01%, 2, 0, 1, 1764.11, 0, 0, 0, 0, 0, 0.000000e+00, 2159927
1623984272, 8467, 0, 1, 0, 0, 0.01%, 2, 0, 1, 1711.92, 0, 0, 0, 0, 0, 0.000000e+00, 2168851
1623984277, 8501, 0, 1, 0, 0, 0.01%, 2, 0, 1, 1678.41, 0, 0, 0, 0, 0, 0.000000e+00, 2177554
1623984282, 8535, 0, 1, 0, 0, 0.01%, 2, 0, 1, 1780.18, 0, 0, 0, 0, 0, 0.000000e+00, 2186258
1623984287, 8569, 0, 1, 0, 0, 0.01%, 2, 0, 1, 1707.30, 0, 0, 0, 0, 0, 0.000000e+00, 2194995
1623984292, 8603, 0, 1, 0, 0, 0.01%, 2, 0, 1, 1694.76, 0, 0, 0, 0, 0, 0.000000e+00, 2203765
1623984297, 8637, 0, 1, 0, 0, 0.01%, 2, 0, 1, 1737.71, 0, 0, 0, 0, 0, 0.000000e+00, 2212405
1623984302, 8676, 0, 1, 0, 0, 0.01%, 2, 0, 1, 1951.10, 0, 0, 0, 0, 0, 0.000000e+00, 2222438
1623984307, 8711, 0, 1, 0, 0, 0.01%, 2, 0, 1, 1853.11, 0, 0, 0, 0, 0, 0.000000e+00, 2231461
1623984312, 8751, 0, 1, 0, 0, 0.01%, 2, 0, 1, 1949.98, 0, 0, 0, 0, 0, 0.000000e+00, 2241599
1623984317, 8785, 0, 1, 0, 0, 0.01%, 2, 0, 1, 1737.03, 0, 0, 0, 0, 0, 0.000000e+00, 2250395
1623984323, 8818, 0, 1, 0, 0, 0.01%, 2, 0, 1, 1659.44, 0, 0, 0, 0, 0, 0.000000e+00, 2258871
1623984328, 8851, 0, 1, 0, 0, 0.01%, 2, 0, 1, 1649.57, 0, 0, 0, 0, 0, 0.000000e+00, 2267187
1623984333, 8885, 0, 1, 0, 0, 0.01%, 2, 0, 1, 1708.04, 0, 0, 0, 0, 0, 0.000000e+00, 2276056
1623984338, 8919, 0, 1, 0, 0, 0.01%, 2, 0, 1, 1706.02, 0, 0, 0, 0, 0, 0.000000e+00, 2284665
1623984343, 8954, 0, 1, 0, 0, 0.01%, 2, 0, 1, 1727.60, 0, 0, 0, 0, 0, 0.000000e+00, 2293693
1623984348, 8987, 0, 1, 0, 0, 0.01%, 2, 0, 1, 1694.64, 0, 0, 0, 0, 0, 0.000000e+00, 2302102
1623984353, 9024, 0, 1, 0, 0, 0.01%, 2, 0, 1, 1842.57, 0, 0, 0, 0, 0, 0.000000e+00, 2311557
1623984358, 9058, 0, 1, 0, 0, 0.01%, 2, 0, 1, 1759.64, 0, 0, 0, 0, 0, 0.000000e+00, 2320358
1623984363, 9094, 0, 1, 0, 0, 0.01%, 2, 0, 1, 1848.67, 0, 0, 0, 0, 0, 0.000000e+00, 2329399
1623984368, 9126, 0, 1, 0, 0, 0.01%, 2, 0, 1, 1703.39, 0, 0, 0, 0, 0, 0.000000e+00, 2337691
1623984373, 9160, 0, 1, 0, 0, 0.01%, 2, 0, 1, 1687.43, 0, 0, 0, 0, 0, 0.000000e+00, 2346390
1623984379, 9194, 0, 1, 0, 0, 0.01%, 2, 0, 1, 1679.42, 0, 0, 0, 0, 0, 0.000000e+00, 2355094
1623984384, 9228, 0, 1, 0, 0, 0.01%, 2, 0, 1, 1703.62, 0, 0, 0, 0, 0, 0.000000e+00, 2363735
1623984389, 9262, 0, 1, 0, 0, 0.01%, 2, 0, 1, 1736.30, 0, 0, 0, 0, 0, 0.000000e+00, 2372473
1623984394, 9295, 0, 1, 0, 0, 0.01%, 2, 0, 1, 1659.88, 0, 0, 0, 0, 0, 0.000000e+00, 2380884
1623984399, 9329, 0, 1, 0, 0, 0.01%, 2, 0, 1, 1662.64, 0, 0, 0, 0, 0, 0.000000e+00, 2389522
1623984404, 9361, 0, 1, 0, 0, 0.01%, 2, 0, 1, 1667.48, 0, 0, 0, 0, 0, 0.000000e+00, 2397780
1623984409, 9394, 0, 1, 0, 0, 0.01%, 2, 0, 1, 1662.76, 0, 0, 0, 0, 0, 0.000000e+00, 2406195
1623984414, 9425, 0, 1, 0, 0, 0.01%, 2, 0, 1, 1630.29, 0, 0, 0, 0, 0, 0.000000e+00, 2414320
1623984419, 9458, 0, 1, 0, 0, 0.01%, 2, 0, 1, 1650.65, 0, 0, 0, 0, 0, 0.000000e+00, 2422545
1623984424, 9497, 0, 1, 0, 0, 0.01%, 2, 0, 1, 1846.43, 0, 0, 0, 0, 0, 0.000000e+00, 2432752
1623984429, 9531, 0, 1, 0, 0, 0.01%, 2, 0, 1, 1725.39, 0, 0, 0, 0, 0, 0.000000e+00, 2441269
1623984434, 9566, 0, 1, 0, 0, 0.01%, 2, 0, 1, 1771.26, 0, 0, 0, 0, 0, 0.000000e+00, 2450336
1623984439, 9600, 0, 1, 0, 0, 0.01%, 2, 0, 1, 1678.19, 0, 0, 0, 0, 0, 0.000000e+00, 2458931
1623984445, 9633, 0, 1, 0, 0, 0.01%, 2, 0, 1, 1703.91, 0, 0, 0, 0, 0, 0.000000e+00, 2467517
1623984450, 9667, 0, 1, 0, 0, 0.01%, 2, 0, 1, 1719.74, 0, 0, 0, 0, 0, 0.000000e+00, 2476119
1623984455, 9699, 0, 1, 0, 0, 0.01%, 2, 0, 1, 1653.22, 0, 0, 0, 0, 0, 0.000000e+00, 2484308
1623984460, 9732, 0, 1, 0, 0, 0.01%, 2, 0, 1, 1666.78, 0, 0, 0, 0, 0, 0.000000e+00, 2492723
1623984465, 9766, 0, 1, 0, 0, 0.01%, 2, 0, 1, 1694.20, 0, 0, 0, 0, 0, 0.000000e+00, 2501427
1623984470, 9800, 0, 1, 0, 0, 0.01%, 2, 0, 1, 1739.46, 0, 0, 0, 0, 0, 0.000000e+00, 2510133
1623984475, 9832, 0, 1, 0, 0, 0.01%, 2, 0, 1, 1673.86, 0, 0, 0, 0, 0, 0.000000e+00, 2518422
1623984480, 9865, 0, 1, 0, 0, 0.01%, 2, 0, 1, 1660.46, 0, 0, 0, 0, 0, 0.000000e+00, 2526738
1623984485, 9897, 0, 1, 0, 0, 0.01%, 2, 0, 1, 1659.07, 0, 0, 0, 0, 0, 0.000000e+00, 2535095
1623984490, 9932, 0, 1, 0, 0, 0.01%, 2, 0, 1, 1748.77, 0, 0, 0, 0, 0, 0.000000e+00, 2543927
1623984495, 9969, 0, 1, 0, 0, 0.01%, 2, 0, 1, 1793.39, 0, 0, 0, 0, 0, 0.000000e+00, 2553434
1623984500, 10001, 0, 1, 0, 0, 0.01%, 2, 0, 1, 1658.89, 0, 0, 0, 0, 0, 0.000000e+00, 2561620
1623984505, 10034, 0, 1, 0, 0, 0.01%, 2, 0, 1, 1687.37, 0, 0, 0, 0, 0, 0.000000e+00, 2570134
1623984510, 10069, 0, 1, 0, 0, 0.01%, 2, 0, 1, 1735.55, 0, 0, 0, 0, 0, 0.000000e+00, 2579133
1623984515, 10103, 0, 1, 0, 0, 0.01%, 2, 0, 1, 1732.29, 0, 0, 0, 0, 0, 0.000000e+00, 2587871
1623984520, 10138, 0, 1, 0, 0, 0.01%, 2, 0, 1, 1725.08, 0, 0, 0, 0, 0, 0.000000e+00, 2596831
1623984525, 10173, 0, 1, 0, 0, 0.01%, 2, 0, 1, 1697.83, 0, 0, 0, 0, 0, 0.000000e+00, 2605723
1623984531, 10208, 0, 1, 0, 0, 0.01%, 2, 0, 1, 1723.47, 0, 0, 0, 0, 0, 0.000000e+00, 2614751
1623984536, 10243, 0, 1, 0, 0, 0.01%, 2, 0, 1, 1762.78, 0, 0, 0, 0, 0, 0.000000e+00, 2623683
1623984541, 10277, 0, 1, 0, 0, 0.01%, 2, 0, 1, 1674.44, 0, 0, 0, 0, 0, 0.000000e+00, 2632243
1623984546, 10312, 0, 1, 0, 0, 0.01%, 2, 0, 1, 1699.06, 0, 0, 0, 0, 0, 0.000000e+00, 2641239
1623984551, 10344, 0, 1, 0, 0, 0.01%, 2, 0, 1, 1661.35, 0, 0, 0, 0, 0, 0.000000e+00, 2649527
1623984556, 10378, 0, 1, 0, 0, 0.01%, 2, 0, 1, 1700.02, 0, 0, 0, 0, 0, 0.000000e+00, 2658198
1623984561, 10424, 0, 1, 0, 0, 0.01%, 2, 0, 1, 2319.15, 0, 0, 0, 0, 0, 0.000000e+00, 2669947
1623984566, 10474, 0, 1, 0, 0, 0.01%, 2, 0, 1, 2848.99, 0, 0, 0, 0, 0, 0.000000e+00, 2682717
1623984571, 10513, 0, 1, 0, 0, 0.01%, 2, 0, 1, 1910.00, 0, 0, 0, 0, 0, 0.000000e+00, 2692776
1623984576, 10620, 0, 1, 0, 0, 0.01%, 2, 0, 1, 4691.96, 0, 0, 0, 0, 0, 0.000000e+00, 2720240
